17 22 36 37 52 24
14 22 52 54 59 04
05 08 29 37 38 24
10 14 30 40 51 01
07 08 19 26 36 15
13 27 37 41 54 22
04 17 35 50 57 12
18 47 51 53 58 20
07 09 14 45 49 23
10 29 33 41 59 15
17 21 37 41 50 01
06 16 20 31 36 08
24 26 45 48 55 08
09 36 39 44 45 09
14 20 24 39 49 07
07 21 32 44 52 10
05 13 17 45 54 12
10 15 31 52 59 04
04 36 40 44 52 23
21 22 49 52 58 24
06 14 32 38 52 20
05 21 22 41 49 15
11 34 41 49 55 20
01 12 53 56 57 05
12 22 25 28 44 24
16 23 25 49 58 20
13 34 40 47 57 11
05 22 34 41 57 21
37 51 52 53 58 18
15 21 23 28 36 20
02 07 29 55 58 17
19 20 40 47 57 19
01 06 10 13 20 22
01 03 24 28 41 10
04 09 14 39 43 18
18 34 40 48 59 25
14 22 27 32 49 05
09 12 13 35 38 20
08 11 18 29 36 06
09 30 31 50 54 19
11 30 45 47 48 10
13 30 32 38 57 25
06 38 43 47 48 17
03 10 14 52 53 03
10 41 44 48 56 04
20 21 27 28 56 04
20 21 23 38 42 06
22 27 35 37 45 03
16 22 30 51 58 25
20 30 38 46 59 17
01 11 20 25 27 02
01 16 17 41 57 15
19 28 30 37 53 26
04 22 26 31 52 20
07 10 22 23 52 19
09 33 36 50 58 21
04 32 33 47 55 19
07 10 12 22 27 26
16 17 29 31 36 23
04 22 27 32 56 13
17 20 21 40 51 19
11 14 22 33 42 18
10 35 39 51 57 20
07 17 20 36 59 23
07 20 21 34 43 24
01 18 37 39 44 13
10 24 36 52 55 15
08 16 27 35 42 20
13 44 51 52 55 20
12 20 30 36 47 25
14 26 37 41 46 24
02 06 32 42 49 25
12 22 32 34 46 02
11 12 15 16 28 11
07 17 20 39 59 17
02 07 16 20 46 24
20 24 25 53 59 15
01 07 27 36 49 19
34 38 39 45 50 23
07 12 23 34 38 23
05 08 11 40 44 10
17 30 48 51 54 19
14 16 53 54 59 05
10 12 38 53 57 01
08 20 21 32 37 04
10 30 37 47 54 19
05 10 11 12 20 02
13 24 27 31 42 22
08 11 25 41 58 16
01 08 10 19 20 23
10 11 18 32 45 18
04 11 19 33 43 14
11 33 44 46 47 12
01 17 38 50 52 24
03 16 18 20 37 20
18 22 37 47 54 26
22 26 32 38 40 07
06 07 26 33 52 24
19 21 23 40 48 17
09 13 22 23 37 21
22 36 51 56 59 22
30 31 34 45 51 23
04 05 36 47 58 06
24 28 45 49 52 02
03 14 33 53 57 26
15 37 41 56 59 05
07 11 39 42 51 20
11 32 36 48 52 19
09 13 21 23 48 24